
cam0:
  cam_overlaps: [1]
  camera_model: pinhole
  distortion_coeffs: [0.03876222637955076, -0.09522547852772234, 0.0023649932098097405, -2.2604596806518876e-06]
  distortion_model: radtan
  intrinsics: [821.2508048846452, 821.0035446157195, 672.6894623766561, 397.4320273141955]
  resolution: [1280, 720]
  rostopic: /stereo_inertial_publisher2/left/image_rect
cam1:
  T_cn_cnm1:
  - [0.999914401458384, -0.00024048739179607513, 0.01308174001913222, -0.07497443075968122]
  - [0.00015479570111001537, 0.9999785293377944, 0.006551099274517934, 0.00011993188599573148]
  - [-0.013083034602289186, -0.006548513512856079, 0.9998929698604542, 0.0008262224717615614]
  - [0.0, 0.0, 0.0, 1.0]
  cam_overlaps: [0]
  camera_model: pinhole
  distortion_coeffs: [0.03698118748790966, -0.09694419488313909, 0.004204234640266124, -0.0013839519438860071]
  distortion_model: radtan
  intrinsics: [821.5207351276466, 820.5101968372109, 661.6592925931493, 391.2617690009205]
  resolution: [1280, 720]
  rostopic: /stereo_inertial_publisher2/right/image_rect
