cam0:
  T_cam_imu:
  - [0.047420629825662974, -0.9984401165355192, -0.029472318529046138, 0.023082865184977906]
  - [-0.028276054060772715, 0.028151893650826043, -0.9992036507392406, -0.03787208331881927]
  - [0.9984747110636758, 0.04821622731418018, -0.026896966183895366, 0.506006751507933]
  - [0.0, 0.0, 0.0, 1.0]
  cam_overlaps: [1]
  camera_model: pinhole
  distortion_coeffs: [0.03876222637955076, -0.09522547852772234, 0.0023649932098097405, -2.2604596806518876e-06]
  distortion_model: radtan
  intrinsics: [821.2508048846452, 821.0035446157195, 672.6894623766561, 397.4320273141955]
  resolution: [1280, 720]
  rostopic: /stereo_inertial_publisher2/left/image_rect
  timeshift_cam_imu: -0.0074064872244109705
cam1:
  T_cam_imu:
  - [0.06048515730921197, -0.997730669542707, -0.02958135898064379, -0.04526498490460773]
  - [-0.02172699949025303, 0.028312604264949554, -0.9993629640590485, -0.034432864703111]
  - [0.997932604557257, 0.061089340261605285, -0.01996520142576519, 0.5067248279319098]
  - [0.0, 0.0, 0.0, 1.0]
  T_cn_cnm1:
  - [0.9999144014583855, -0.00024048739179607505, 0.01308174001913222, -0.07497443075968122]
  - [0.0001547957011100154, 0.999978529337796, 0.006551099274517934, 0.00011993188599573148]
  - [-0.013083034602289186, -0.006548513512856079, 0.9998929698604557, 0.0008262224717615614]
  - [0.0, 0.0, 0.0, 1.0]
  cam_overlaps: [0]
  camera_model: pinhole
  distortion_coeffs: [0.03698118748790966, -0.09694419488313909, 0.004204234640266124, -0.0013839519438860071]
  distortion_model: radtan
  intrinsics: [821.5207351276466, 820.5101968372109, 661.6592925931493, 391.2617690009205]
  resolution: [1280, 720]
  rostopic: /stereo_inertial_publisher2/right/image_rect
  timeshift_cam_imu: -0.007019067965642587
