%YAML 1.0
---
T_BS:
  cols: 4
  data: [0.999874, 0.002006, -0.015763, -0.07531497,
         -0.002308, .999813, -0.019190, -0.00020657,
         0.015722, 0.019224, 0.999692, -0.00201078,
         0.0, 0.0, 0.0, 1.0]
  rows: 4
camera_id: left_cam
camera_model: pinhole
distortion_coefficients: [0.0,0.0,0.0,0.0,0.0]
distortion_model: radtan
intrinsics: [1071.5789794921875, 1072.369140625, 659.2884521484375, 399.24664306640625]
rate_hz: 120
resolution: [1280, 720]
